0S,0C
17862 2
19083 1
-36615 -2
21178 1
112748 1
-133926 -2
39519 1
65243 1
-104762 -2
6343 1
-6343 -1
434763 1
-434763 -1
50281 1
-50281 -1
18134 1
14372 1
-32506 -2
46674 1
-46674 -1
39343 1
38777 1
21587 1
-99707 -3
42559 1
15891161 1
28582 1
30241328 1
10496 1
45722 1
7733 1
23218 1
29935 1
48475 1
-46369209 -10
13927 1
20807 1
-34734 -2
103484 1
13356 1
19079 1
16310 1
102111 1
71705 1
-326045 -6
46011 1
46780 1
25700 1
-118491 -3
87151 1
-87151 -1
94639 1
99260 1
-193899 -2
47223 1
-47223 -1
38888 1
32326 1
-71214 -2
24716 1
24889 1
21849 1
24862 1
112038 1
44611 1
-252965 -6
35993 1
-35993 -1
71598 1
-71598 -1
56677 1
-56677 -1
54113 1
-54113 -1
21179 1
-21179 -1
41218 1
27875 1
3257 1
18372 1
18913 1
6396 1
37784 1
48365 1
14352 1
-216532 -9
17101 1
16723 1
24768 1
21681 1
-80273 -4
21020 1
18458 1
-39478 -2
101818 1
15103 1
-116921 -2
35296 1
-35296 -1
82398 1
-82398 -1
111133 1
-111133 -1
67996 1
-67996 -1
36952 1
-36952 -1
114440 1
-114440 -1
72338 1
-72338 -1
119088 1
-119088 -1
14360 1
-14360 -1
28335 1
-28335 -1
36895 1
-36895 -1
103044 1
6357 1
-109401 -2
48361 1
24747 1
24890 1
-97998 -3
21528 1
39716 1
23094 1
51658 1
-135996 -4
13093 1
50642 1
101968 1
20814 1
54148 1
79206 1
44801 1
-364672 -7
6919 1
-6919 -1
56383 1
-56383 -1
50944 1
-50944 -1
14171 1
-14171 -1
20581 1
44688 1
-65269 -2
6226 1
81499 1
-87725 -2
63551 1
-63551 -1
43386 1
-43386 -1
3628 1
-3628 -1
51614 1
5793 1
-57407 -2
46652 1
7493 1
56992 1
108367 1
1910 1
15912 1
8722 1
-246048 -7
108947 1
4298 1
45216 1
-158461 -3
114408 1
3532 1
29248 1
-147188 -3
61163 1
64302 1
11360 1
-136825 -3
5576 1
11291 1
47164 1
11769 1
20176 1
2365 1
6231 1
6536 1
7368 1
85449 1
-203925 -10
14143 1
6860 1
-21003 -2
33724 1
69295 1
96783 1
-199802 -3
10169 1
13538 1
96168 1
49361 1
53792 1
75720 1
-298748 -6
751962 1
-751962 -1
19903 1
-19903 -1
111050 1
-111050 -1
81771 1
-81771 -1
24941 1
-24941 -1
48281 1
-48281 -1
89421 1
68531 1
-157952 -2
46252 1
-46252 -1
17103 1
-17103 -1
25886 1
-25886 -1
8697 1
5858 1
105883 1
-120438 -3
65576 1
102459 1
-168035 -2
20525 1
-20525 -1
86997 1
70322 1
43255 1
-200574 -3
7136 1
8234 1
-15370 -2
16108 1
-16108 -1
92675 1
-92675 -1
78868 1
-78868 -1
18621 1
-18621 -1
26201 1
-26201 -1
49789 1
-49789 -1
41453 1
-41453 -1
41585 1
-41585 -1
56750 1
-56750 -1
41099 1
-41099 -1
54695 1
-54695 -1
88551 1
-88551 -1
49377 1
70151 1
41156 1
2756102 1
-2916786 -4
13468 1
-13468 -1
90306 1
113516 1
42608 1
-246430 -3
78748 1
-78748 -1
24799 1
-24799 -1
50573 1
-50573 -1
46876 1
10505 1
-57381 -2
46866 1
-46866 -1
61062 1
-61062 -1
21207 1
115238 1
32388 1
-168833 -3
82129 1
72930 1
-155059 -2
102384 1
29506 1
-131890 -2
35399 1
23185 1
23227 1
-81811 -3
15094 1
61638 1
-76732 -2
38893 1
-38893 -1
12583 1
14702 1
-27285 -2
84139 1
-84139 -1
14318 1
12786 1
112048 1
-139152 -3
8286 1
5833 1
-14119 -2
78922 1
48969 1
-127891 -2
24793 1
-24793 -1
52457 1
-52457 -1
18346 1
41805 1
-60151 -2
39495 1
-39495 -1
22913 1
-22913 -1
70901 1
-70901 -1
59260 1
17152 1
-76412 -2
5966 1
102330 1
-108296 -2
35359 1
23354 1
118133 1
-176846 -3
19065 1
-19065 -1
183892 1
-183892 -1
110335 1
14633 1
-124968 -2
5097 1
81802 1
-86899 -2
24817 1
-24817 -1
15844 1
-15844 -1
90987 1
-90987 -1
61601 1
73843 1
-135444 -2
86703 1
-86703 -1
23320 1
-23320 -1
24762 1
-24762 -1
100347 1
-100347 -1
16900 1
-16900 -1
60999 1
102265 1
-163264 -2
72081 1
-72081 -1
78231 1
20526 1
-98757 -2
27761 1
-27761 -1
90144 1
-90144 -1
46441 1
5871 1
-52312 -2
24839 1
-24839 -1
41764 1
-41764 -1
45592 1
-45592 -1
71794 1
-71794 -1
99172 1
-99172 -1
20964 1
5305 1
-26269 -2
60500 1
22860 1
-83360 -2
17488 1
68847 1
87884 1
-174219 -3
20088 1
743351 1
-763439 -2
110583 1
14413 1
-124996 -2
81730 1
52838 1
-134568 -2
14372 1
-14372 -1
24847 1
-24847 -1
69696 1
-69696 -1
43929 1
14575 1
44389 1
-102893 -3
6731 1
64314 1
324065 1
-395110 -3
60670 1
10528 1
6986370 1
-7057568 -3
61580 1
69990 1
-131570 -2
105918 1
-105918 -1
89749 1
62683 1
-152432 -2
33328 1
23065 1
-56393 -2
75901 1
-75901 -1
99206 1
85774 1
-184980 -2
114875 1
-114875 -1
92175 1
-92175 -1
105778 1
-105778 -1
78813 1
-78813 -1
24783 1
-24783 -1
50655 1
21292 1
-71947 -2
12619 1
-12619 -1
43527 1
14401 1
-57928 -2
41252 1
-41252 -1
23619 1
200315 1
9935 1
-233869 -3
41605 1
-41605 -1
89007 1
23385 1
15890 1
-128282 -3
49361 1
-49361 -1
71260 1
-71260 -1
9258 1
15671 1
22548 1
113056 1
-160533 -4
27866 1
-27866 -1
78987 1
24769 1
-103756 -2
10601 1
-10601 -1
47006 1
15000 1
63476 1
10174 1
21602 1
146957 1
-304215 -6
7406 1
147211 1
6846 1
4702 1
-166165 -4
22997 1
-22997 -1
32944 1
-32944 -1
62894 1
103425 1
9372 1
23191 1
102558 1
69319 1
-370759 -6
196487 1
52297 1
